414
202
236
287
76
78
201
131
331
433
346
429
466
468
17
439
241
311
140
133
5
80
96
447
371
39
19
420
180
333
331
445
223
135
174
239
495
273
352
198
210
73
122
34
146
123
195
282
376
140
295
120
73
34
248
11
267
438
379
88
223
178
380
110
244
405
193
441
133
156
57
493
415
394
114
25
281
483
86
259
38
139
196
287
456
197
395
35
473
480
52
84
175
29
347
154
71
228
279
30
470
229
366
220
171
189
50
416
456
120
293
392
29
114
158
257
478
481
373
490
93
466
424
25
446
367
312
168
279
128
267
66
341
451
199
53
111
419
316
470
161
295
468
155
75
479
172
199
484
322
142
48
323
387
436
94
332
416
255
20
206
431
129
413
387
493
77
369
324
387
19
168
452
42
384
268
84
303
472
233
101
334
216
426
342
69
302
347
176
158
311
316
151
427
168
183
356
109
462
120
63
203
407
292
137
112
60
358
470
141
427
19
350
37
395
176
235
451
56
478
398
427
483
128
495
189
307
55
85
495
25
147
254
154
142
469
412
242
117
302
212
420
111
230
93
439
21
334
316
395
52
475
158
129
402
224
375
110
452
55
131
104
464
362
490
149
470
417
407
261
266
115
7
281
305
461
190
209
250
336
74
232
206
475
316
52
124
142
485
40
128
186
302
281
461
108
175
437
73
233
441
226
349
14
85
421
127
121
75
70
155
478
446
327
403
183
104
465
354
429
120
74
433
113
304
123
469
143
154
435
466
143
446
54
240
435
337
324
266
116
237
466
359
335
68
202
319
330
193
183
115
22
38
430
464
319
185
305
177
466
188
146
339
470
53
125
399
299
63
241
331
7
459
215
172
469
369
215
455
370
181
143
10
473
376
144
172
29
194
319
334
237
204
89
473
281
26
235
390
214
157
426
239
399
66
366
230
184
387
424
402
393
171
12
289
346
41
24
489
154
166
322
252
228
255
49
146
17
170
346
483
297
383
428
137
190
421
57
102
179
163
208
30
392
76
100
402
215
469
249
323
146
162
465
413
400
59
71
392
284
221
79
223
316
60
18
412
496
421
372
272
450
103
394
397
449
320
312
211
206
423
199
65
172
239
361
485
61
465
89
193
495
183
407
493
474
238
428
102
87
